10
40 59 
0 10 1
10 0 20
20 10 30
30 20 40
40 30 41
50 51 60
60 50 61 70
70 60
80 90 81
90 80
1 0 11
11 1 12
21 31
31 21 41
41 31 40 51
51 41 50
61 60 71
71 61 72
81 80 91
91 81 92
2 12 3
12 2
22 23 32
32 22 33
42 52
52 42 53 62
62 52 72
72 62 71 82
82 72 92
92 82 91 93
3 13 2
13 3 23 
23 13 22 
33 32 43
43 33 44
53 52 63
63 53 64
73 83 74
83 73
93 94 92
4 14 5
14 4 24
24 14 25
34 44 35
44 34 43
54 64
64 54 63
74 73 84
84 74 94
94 84 93
5 15 4
15 5
25 24 26
35 34 36
45 55
55 45 56 65
65 55 66
75 76 85
85 75 86
95 96
6 16 7
16 6 26
26 16 25
36 35 37
46 56 47
56 55 46
66 65 67
76 75
86 96 85 87
96 95 97
7 6 17
17 7 18
27 37 28
37 27 36
47 46 48
57 58
67 77 66
77 67 87
87 86 77
97 96 98
8 18 9
18 17 28 8
28 27 18
38 48 39
48 47 38
58 68 57
68 78 58
78 88 68
88 78 89
98 97 99
9 8 19
19 29 9
29 39 19
39 38 29 49
49 39
59 69
69 59 79
79 69 89
89 99 79 88
99 98 89