DFS
Solution: 40 30 20 10 0 1 11 12 2 3 13 23 22 32 33 43 44 34 35 36 37 27 28 18 8 9 19 29 39 38 48 47 46 56 55 65 66 67 77 87 86 96 97 98 99 89 79 69 59 
Visited: 40 41 51 50 60 70 61 71 72 82 92 93 94 84 74 73 83 91 81 80 90 62 52 53 63 64 54 42 31 21 30 20 10 0 1 11 12 2 3 13 23 22 32 33 43 44 34 35 36 37 27 28 18 8 9 19 29 39 49 38 48 47 46 56 55 65 66 67 77 87 86 85 75 76 96 97 98 99 89 88 78 68 58 57 79 69 59 
Length of visiting:87
Time: 0.0001247000000148546 second

BFS
Solution: 40 30 20 10 0 1 11 12 2 3 13 23 22 32 33 43 44 34 35 36 37 27 28 18 8 9 19 29 39 38 48 47 46 56 55 65 66 67 77 87 86 96 97 98 99 89 79 69 59 
Visited: 40 30 41 20 31 51 10 21 50 0 60 1 61 70 11 71 12 72 2 62 82 3 52 92 13 42 53 91 93 23 63 81 94 22 64 80 84 32 54 90 74 33 73 43 83 44 34 35 36 37 27 28 18 17 8 7 9 6 19 16 29 26 39 25 38 49 24 48 14 47 4 46 5 56 15 55 45 65 66 67 77 87 86 96 85 95 97 75 98 76 99 89 79 88 69 78 59 
Length of visiting:97
Time: 0.00013160000162315555 second

UCS
Solution: 40 30 20 10 0 1 11 12 2 3 13 23 22 32 33 43 44 34 35 36 37 27 28 18 8 9 19 29 39 38 48 47 46 56 55 65 66 67 77 87 86 96 97 98 99 89 79 69 59 
Visited: 40 30 41 20 31 51 10 21 50 0 60 1 61 70 11 71 12 72 2 62 82 3 52 92 13 42 53 91 93 23 63 81 94 22 64 80 84 32 54 74 90 33 73 43 83 44 34 35 36 37 27 28 18 17 8 7 9 19 6 16 29 26 39 25 38 49 24 48 14 47 4 46 5 56 15 55 45 65 66 67 77 87 86 85 96 75 95 97 76 98 99 89 79 88 69 78 59 
Length of visiting:97
Time: 0.0004062999978486914 second

GDBFS
Solution: 40 30 20 10 0 1 11 12 2 3 13 23 22 32 33 43 44 34 35 36 37 27 28 18 8 9 19 29 39 38 48 47 46 56 55 65 66 67 77 87 86 96 97 98 99 89 79 69 59 
Visited: 40 41 51 50 31 60 61 71 72 62 52 53 63 64 54 42 82 21 30 70 92 93 94 84 74 73 83 20 91 81 80 10 90 0 1 11 12 2 3 13 23 22 32 33 43 44 34 35 36 37 27 28 18 17 8 9 19 29 39 49 38 48 47 46 56 55 45 65 66 67 77 87 86 7 85 75 76 96 97 98 99 89 79 69 59 
Length of visiting: 85
Time: 0.00035649999699671753 second

A star
Solution: 40 30 20 10 0 1 11 12 2 3 13 23 22 32 33 43 44 34 35 36 37 27 28 18 8 9 19 29 39 38 48 47 46 56 55 65 66 67 77 87 86 96 97 98 99 89 79 69 59 
Visited: 40 41 51 30 31 50 20 21 60 61 10 70 71 72 62 52 53 0 1 11 12 42 63 64 54 82 2 3 13 23 92 93 94 84 74 22 32 33 43 44 73 91 81 34 35 36 37 80 83 27 28 90 18 17 8 9 19 29 39 49 38 48 7 47 6 16 26 25 46 56 24 55 14 45 65 66 67 4 5 15 77 87 86 85 75 76 96 97 98 99 89 79 69 59 
Length of visiting:94
Time: 0.0003964000025007408 second

