DFS
Solution: 3 2 12 13 14 24 34 44 43 42 41 
Visited: 3 4 2 12 13 23 22 21 20 10 11 1 0 14 24 34 44 43 42 41 
Length of visiting:20
Time: 1.729999712551944e-05 second

BFS
Solution: 3 2 12 13 14 24 34 44 43 42 41 
Visited: 3 2 4 12 11 13 1 10 14 23 0 20 24 22 21 34 21 33 44 32 43 31 42 30 41 
Length of visiting:25
Time: 2.2100000933278352e-05 second

UCS
Solution: 3 2 12 13 14 24 34 44 43 42 41 
Visited: 3 2 4 12 11 13 1 10 14 23 0 20 22 24 21 21 34 33 44 32 43 31 42 30 41 
Length of visiting:25
Time: 0.00011630000153672881 second

GDBFS
Solution: 3 2 12 11 10 20 21 22 23 13 14 24 34 44 43 42 41 
Visited: 3 2 12 11 10 20 21 22 23 1 13 13 0 14 24 34 44 43 42 41 
Length of visiting: 20
Time: 9.979999958886765e-05 second

A star
Solution: 3 2 12 13 14 24 34 44 43 42 41 
Visited: 3 2 12 11 10 20 21 13 23 22 1 22 4 14 24 34 44 43 42 41 
Length of visiting:20
Time: 9.530000170343556e-05 second

